3,1,376,264,482,351,640,352
3,2,231,239,354,308,640,352
4,1,374,263,481,350,640,352
4,2,230,239,355,309,640,352
5,1,374,263,481,351,640,352
5,2,231,239,356,310,640,352
6,1,373,263,480,351,640,352
6,2,231,239,354,309,640,352
7,1,373,263,481,351,640,352
7,2,231,239,355,310,640,352
8,1,374,263,482,350,640,352
8,2,231,238,354,309,640,352
9,1,373,263,481,350,640,352
9,2,232,238,352,307,640,352
10,1,372,263,481,351,640,352
10,2,230,237,352,307,640,352
11,1,373,263,481,351,640,352
11,2,230,237,355,310,640,352
12,1,373,263,482,351,640,352
12,2,230,237,356,311,640,352
13,1,376,264,483,350,640,352
13,2,230,236,356,312,640,352
14,1,375,264,482,350,640,352
14,2,230,236,355,312,640,352
15,1,374,264,482,350,640,352
15,2,231,236,353,311,640,352
16,1,374,264,482,350,640,352
16,2,232,237,353,312,640,352
17,1,374,263,481,350,640,352
17,2,233,237,353,311,640,352
18,1,374,264,481,350,640,352
18,2,233,236,352,311,640,352
19,1,374,264,482,350,640,352
19,2,234,236,351,311,640,352
20,1,376,264,483,350,640,352
20,2,233,236,351,312,640,352
21,1,377,264,485,350,640,352
21,2,232,236,352,312,640,352
22,1,381,263,487,350,640,352
22,2,232,236,352,313,640,352
23,1,385,263,490,350,640,352
23,2,234,237,350,312,640,352
24,1,385,263,488,350,640,352
24,2,234,237,350,312,640,352
25,1,388,263,490,350,640,352
25,2,235,237,349,311,640,352
26,1,389,263,489,350,640,352
26,2,237,237,348,310,640,352
27,1,388,263,488,350,640,352
27,2,237,237,347,310,640,352
28,1,388,263,487,350,640,352
28,2,237,237,347,310,640,352
29,1,388,263,487,350,640,352
29,2,238,237,347,310,640,352
30,1,387,263,486,350,640,352
30,2,242,237,346,307,640,352
31,1,385,263,484,350,640,352
31,2,243,237,346,307,640,352
32,1,385,263,483,351,640,352
32,2,245,238,345,306,640,352
33,1,383,263,482,351,640,352
33,2,244,238,346,308,640,352
34,1,382,263,481,351,640,352
34,2,246,239,346,308,640,352
35,1,382,263,482,351,640,352
35,2,248,239,346,307,640,352
36,1,382,263,482,351,640,352
36,2,247,240,346,309,640,352
37,1,383,263,483,351,640,352
37,2,248,240,348,310,640,352
38,1,379,263,480,351,640,352
38,2,248,240,347,311,640,352
39,1,380,263,482,351,640,352
39,2,246,240,348,313,640,352
40,1,378,263,481,351,640,352
40,2,243,239,348,316,640,352
41,1,376,263,480,351,640,352
41,2,243,239,347,317,640,352
42,1,375,263,480,351,640,352
42,2,242,239,346,317,640,352
43,1,373,263,479,351,640,352
43,2,243,239,345,316,640,352
44,1,373,263,479,352,640,352
44,2,243,239,346,318,640,352
45,1,373,263,479,351,640,352
45,2,242,239,345,319,640,352
46,1,373,263,480,351,640,352
46,2,245,239,346,317,640,352
47,1,373,264,480,351,640,352
47,2,246,239,345,317,640,352
48,1,372,264,480,352,640,352
48,2,244,239,344,317,640,352
49,1,375,264,482,351,640,352
49,2,244,239,343,318,640,352
50,1,375,264,482,351,640,352
50,2,245,240,342,318,640,352
51,1,376,264,483,351,640,352
51,2,245,239,342,318,640,352
52,1,376,264,483,351,640,352
52,2,245,239,341,317,640,352
53,1,376,264,483,351,640,352
53,2,246,240,341,317,640,352
54,1,377,264,484,350,640,352
54,2,246,240,340,317,640,352
55,1,377,264,484,350,640,352
55,2,246,241,340,317,640,352
56,1,376,264,483,350,640,352
56,2,245,241,339,317,640,352
57,1,375,263,482,350,640,352
57,2,243,241,339,319,640,352
58,1,375,263,482,350,640,352
58,2,240,240,340,320,640,352
59,1,375,263,482,350,640,352
59,2,241,240,340,319,640,352
60,1,374,263,482,350,640,352
60,2,241,240,341,319,640,352
61,1,374,263,482,351,640,352
61,2,242,240,340,319,640,352
62,1,373,263,482,351,640,352
62,2,242,240,340,319,640,352
63,1,372,263,481,351,640,352
63,2,243,239,340,317,640,352
64,1,372,263,481,352,640,352
64,2,243,240,339,317,640,352
65,1,374,263,482,351,640,352
65,2,243,240,340,317,640,352
66,1,375,264,483,351,640,352
66,2,243,240,339,317,640,352
67,1,376,264,484,351,640,352
67,2,244,240,339,317,640,352
68,1,378,264,485,351,640,352
68,2,246,241,338,315,640,352
69,1,378,264,485,351,640,352
69,2,246,241,338,314,640,352
70,1,381,264,487,351,640,352
70,2,245,241,338,315,640,352
71,1,381,264,486,351,640,352
71,2,245,241,339,316,640,352
72,1,381,264,485,351,640,352
72,2,244,241,340,317,640,352
73,1,380,264,484,351,640,352
73,2,243,240,340,317,640,352
74,1,379,264,483,350,640,352
74,2,245,239,340,316,640,352
75,1,380,263,483,350,640,352
75,2,244,238,341,315,640,352
76,1,381,263,484,350,640,352
76,2,245,238,340,315,640,352
77,1,382,263,484,350,640,352
77,2,246,239,340,315,640,352
78,1,382,263,484,350,640,352
78,2,245,239,341,316,640,352
79,1,383,263,485,350,640,352
79,2,243,239,340,318,640,352
80,1,383,263,484,350,640,352
80,2,243,238,340,318,640,352
81,1,383,263,484,351,640,352
81,2,243,238,340,317,640,352
82,1,383,263,484,351,640,352
82,2,243,239,339,318,640,352
83,1,382,263,483,351,640,352
83,2,242,239,340,318,640,352
84,1,380,263,481,351,640,352
84,2,241,239,340,320,640,352
85,1,382,264,482,351,640,352
85,2,241,238,339,319,640,352
86,1,384,264,483,351,640,352
86,2,242,238,339,318,640,352
87,1,383,264,481,351,640,352
87,2,244,238,339,316,640,352
88,1,383,264,482,351,640,352
88,2,247,239,338,314,640,352
89,1,385,264,483,351,640,352
89,2,251,239,339,312,640,352
90,1,387,264,485,351,640,352
90,2,253,239,341,312,640,352
91,1,389,264,486,351,640,352
91,2,253,240,340,312,640,352
92,1,391,263,486,351,640,352
92,2,254,240,340,311,640,352
93,1,392,263,486,352,640,352
93,2,255,240,339,310,640,352
94,1,393,263,486,352,640,352
94,2,254,240,340,311,640,352
95,1,394,263,486,352,640,352
95,2,253,240,340,311,640,352
96,1,394,263,485,351,640,352
96,2,253,240,340,312,640,352
97,1,392,263,484,351,640,352
97,2,253,240,340,312,640,352
98,1,391,263,481,351,640,352
98,2,253,240,340,312,640,352
99,1,389,263,480,351,640,352
99,2,252,240,340,314,640,352
100,1,391,263,481,352,640,352
100,2,253,240,341,314,640,352
100,4,0,219,44,338,640,352
101,1,388,263,479,352,640,352
101,2,255,240,340,310,640,352
101,4,0,218,44,338,640,352
102,1,388,263,478,352,640,352
102,2,254,239,340,310,640,352
103,1,387,264,478,352,640,352
103,2,253,239,339,310,640,352
104,1,386,263,478,352,640,352
104,2,254,239,339,310,640,352
105,1,384,263,477,352,640,352
105,2,253,239,340,309,640,352
106,1,384,263,477,352,640,352
106,2,251,239,340,311,640,352
106,4,-1,217,44,340,640,352
107,1,384,262,478,352,640,352
107,2,252,239,341,312,640,352
107,4,-1,218,44,341,640,352
108,1,388,262,481,352,640,352
108,2,252,239,340,312,640,352
108,4,-1,218,44,341,640,352
109,1,392,262,484,351,640,352
109,2,252,239,340,310,640,352
110,1,394,262,486,351,640,352
110,2,252,239,339,310,640,352
111,1,395,261,486,351,640,352
111,2,252,240,339,311,640,352
112,1,396,262,485,351,640,352
112,2,252,240,339,311,640,352
113,1,395,262,484,351,640,352
113,2,252,241,339,311,640,352
114,1,395,262,483,352,640,352
114,2,254,241,340,311,640,352
115,1,395,262,482,352,640,352
115,2,254,240,340,310,640,352
116,1,395,262,482,352,640,352
116,2,253,240,340,310,640,352
117,1,396,262,482,352,640,352
117,2,254,240,339,310,640,352
118,1,397,262,483,352,640,352
118,2,254,240,340,310,640,352
119,1,397,262,482,352,640,352
119,2,255,240,339,309,640,352
120,1,398,262,482,351,640,352
120,2,255,240,340,309,640,352
120,4,-4,202,47,350,640,352
121,1,398,262,481,351,640,352
121,2,255,239,340,309,640,352
121,4,-5,201,48,351,640,352
122,1,397,262,481,351,640,352
122,2,256,239,340,308,640,352
122,4,-1,213,45,345,640,352
123,1,396,262,480,350,640,352
123,2,256,238,342,308,640,352
123,4,0,215,44,344,640,352
124,1,396,262,480,351,640,352
124,2,258,238,341,306,640,352
124,4,0,214,44,344,640,352
125,1,396,262,481,351,640,352
125,2,259,238,340,304,640,352
125,4,-2,205,46,349,640,352
126,1,398,262,482,351,640,352
126,2,264,239,342,303,640,352
126,4,-3,202,46,351,640,352
127,1,398,262,481,351,640,352
127,2,264,239,343,303,640,352
127,4,-1,211,44,345,640,352
128,1,398,262,481,351,640,352
128,2,261,239,340,303,640,352
128,4,-1,211,44,345,640,352
129,1,398,262,481,351,640,352
129,2,262,239,340,303,640,352
130,1,398,262,481,350,640,352
130,2,260,239,341,303,640,352
131,1,397,262,480,350,640,352
131,2,257,238,342,305,640,352
132,1,395,263,478,351,640,352
132,2,252,236,343,309,640,352
133,1,398,263,481,351,640,352
133,2,251,236,345,311,640,352
134,1,398,263,481,351,640,352
134,2,251,237,344,311,640,352
134,4,0,214,44,345,640,352
135,1,399,263,482,352,640,352
135,2,249,237,343,311,640,352
135,4,0,212,44,346,640,352
136,1,399,263,481,352,640,352
136,2,249,237,342,311,640,352
136,4,0,212,44,346,640,352
137,1,399,262,481,352,640,352
137,2,248,237,343,311,640,352
137,4,0,212,44,345,640,352
138,1,399,262,481,352,640,352
138,2,250,238,344,312,640,352
138,4,0,213,44,345,640,352
139,1,399,261,481,352,640,352
139,2,250,238,345,312,640,352
139,4,0,213,44,345,640,352
140,1,399,261,481,352,640,352
140,2,249,237,345,312,640,352
141,1,399,262,481,352,640,352
141,2,249,237,345,312,640,352
142,1,398,262,480,352,640,352
142,2,248,236,345,312,640,352
143,1,399,262,480,352,640,352
143,2,246,236,345,312,640,352
144,1,399,262,480,351,640,352
144,2,245,235,345,313,640,352
145,1,398,262,479,351,640,352
145,2,244,235,345,313,640,352
146,1,398,262,479,351,640,352
146,2,246,235,346,312,640,352
147,1,398,262,479,351,640,352
147,2,248,236,347,313,640,352
148,1,397,263,478,351,640,352
148,2,249,236,347,312,640,352
149,1,397,263,478,352,640,352
149,2,247,235,347,313,640,352
150,1,396,263,477,352,640,352
150,2,248,235,347,313,640,352
151,1,394,263,476,351,640,352
151,2,247,235,348,315,640,352
152,1,396,263,478,351,640,352
152,2,249,234,350,315,640,352
153,1,397,263,480,352,640,352
153,2,251,234,348,312,640,352
154,1,399,263,480,352,640,352
154,2,249,234,350,316,640,352
155,1,399,263,480,352,640,352
155,2,244,233,350,322,640,352
156,1,398,263,480,352,640,352
156,2,250,234,348,315,640,352
157,1,396,263,478,352,640,352
157,2,254,235,346,312,640,352
157,4,1,220,42,341,640,352
158,1,394,263,476,352,640,352
158,2,255,235,345,310,640,352
158,4,1,220,42,340,640,352
159,1,394,263,477,352,640,352
159,2,265,237,348,305,640,352
159,4,1,220,42,339,640,352
160,1,394,263,477,352,640,352
160,2,266,237,350,308,640,352
160,4,1,221,42,338,640,352
161,1,395,262,479,352,640,352
161,2,268,237,352,308,640,352
162,1,395,262,479,351,640,352
162,2,269,237,351,308,640,352
163,1,391,262,476,351,640,352
163,2,270,237,351,307,640,352
164,1,391,262,477,352,640,352
164,2,269,237,350,307,640,352
165,1,391,262,477,352,640,352
165,2,270,238,349,309,640,352
166,1,392,262,478,352,640,352
166,2,271,238,349,309,640,352
167,1,395,262,481,352,640,352
167,2,270,239,348,310,640,352
168,1,396,262,481,352,640,352
168,2,268,238,345,308,640,352
169,1,398,261,482,351,640,352
169,2,262,237,343,311,640,352
170,1,398,261,482,351,640,352
170,2,259,237,339,309,640,352
171,1,397,261,481,351,640,352
171,2,257,239,339,311,640,352
172,1,397,261,480,351,640,352
172,2,253,240,337,313,640,352
173,1,398,261,480,351,640,352
173,2,251,239,337,315,640,352
174,1,398,261,480,351,640,352
174,2,248,239,335,315,640,352
175,1,397,261,480,352,640,352
175,2,247,239,335,314,640,352
176,1,397,261,480,352,640,352
176,2,243,237,336,316,640,352
177,1,396,261,479,352,640,352
177,2,244,235,337,316,640,352
178,1,396,261,479,352,640,352
178,2,246,236,337,315,640,352
179,1,396,261,479,353,640,352
179,2,247,236,337,315,640,352
180,1,396,261,479,353,640,352
180,2,247,236,337,315,640,352
181,1,398,261,480,352,640,352
181,2,244,236,338,319,640,352
182,1,399,261,481,352,640,352
182,2,245,236,338,318,640,352
183,1,400,260,481,352,640,352
183,2,244,235,339,319,640,352
184,1,401,260,481,351,640,352
184,2,244,235,339,319,640,352
185,1,401,260,481,351,640,352
185,2,245,235,339,319,640,352
186,1,400,260,480,351,640,352
186,2,246,235,338,317,640,352
187,1,399,260,479,351,640,352
187,2,245,233,339,317,640,352
188,1,399,260,479,351,640,352
188,2,241,232,341,321,640,352
189,1,399,261,478,351,640,352
189,2,239,232,341,322,640,352
190,1,398,261,477,351,640,352
190,2,239,233,340,323,640,352
191,1,397,261,477,351,640,352
191,2,236,233,337,322,640,352
192,1,397,261,477,351,640,352
192,2,234,233,334,322,640,352
193,1,398,261,478,351,640,352
193,2,226,236,341,340,640,352
194,1,397,261,477,351,640,352
194,2,225,238,342,346,640,352
195,1,395,261,476,351,640,352
195,2,225,239,341,348,640,352
196,1,396,261,477,351,640,352
196,2,226,239,340,349,640,352
197,1,395,261,477,352,640,352
197,2,226,240,338,349,640,352
198,1,395,261,477,352,640,352
198,2,227,240,338,349,640,352
199,1,395,261,478,352,640,352
199,2,228,240,336,348,640,352
200,1,396,262,478,352,640,352
200,2,228,239,335,348,640,352
201,1,394,262,477,352,640,352
201,2,228,240,334,348,640,352
202,1,395,262,478,352,640,352
202,2,229,240,334,349,640,352
203,1,394,262,477,351,640,352
203,2,229,240,334,349,640,352
204,1,395,262,478,351,640,352
204,2,229,240,334,349,640,352
205,1,396,262,480,352,640,352
205,2,239,239,327,328,640,352
206,1,397,262,480,352,640,352
206,2,250,240,329,318,640,352
207,1,398,262,480,352,640,352
207,2,244,238,326,316,640,352
208,1,397,262,480,352,640,352
208,2,250,239,331,314,640,352
209,1,397,262,479,352,640,352
209,2,251,239,334,313,640,352
210,1,397,263,478,352,640,352
210,2,249,239,336,313,640,352
211,1,397,263,478,352,640,352
211,2,248,238,337,313,640,352
211,4,-1,210,46,348,640,352
212,1,397,263,479,352,640,352
212,2,239,236,332,314,640,352
212,4,-1,209,46,349,640,352
213,1,396,263,478,352,640,352
213,2,235,236,330,316,640,352
214,1,396,263,477,352,640,352
214,2,232,235,330,319,640,352
215,1,395,263,476,352,640,352
215,2,229,234,329,319,640,352
216,1,394,263,476,352,640,352
216,2,230,235,328,319,640,352
217,1,394,263,476,351,640,352
217,2,229,235,329,321,640,352
218,1,394,263,476,351,640,352
218,2,229,235,327,319,640,352
219,1,394,263,477,351,640,352
219,2,231,235,324,316,640,352
219,4,-1,204,46,351,640,352
220,1,395,263,477,351,640,352
220,2,231,235,321,312,640,352
220,4,-1,205,45,350,640,352
221,1,396,263,477,351,640,352
221,2,230,234,320,311,640,352
221,4,-1,204,45,350,640,352
222,1,396,263,477,351,640,352
222,2,230,234,319,310,640,352
223,1,395,264,476,351,640,352
223,2,229,234,318,309,640,352
224,1,394,264,476,351,640,352
224,2,228,234,316,309,640,352
225,1,394,263,476,351,640,352
225,2,227,234,315,308,640,352
226,1,394,263,477,351,640,352
226,2,227,234,314,308,640,352
227,1,393,263,476,351,640,352
227,2,226,234,314,309,640,352
228,1,394,263,477,351,640,352
228,2,226,235,313,308,640,352
228,4,0,209,44,347,640,352
229,1,394,263,475,351,640,352
229,2,224,234,314,312,640,352
229,4,0,209,44,347,640,352
230,1,393,263,475,351,640,352
230,2,222,234,315,316,640,352
231,1,393,263,475,350,640,352
231,2,220,233,315,320,640,352
232,1,393,264,475,350,640,352
232,2,219,233,316,324,640,352
232,4,0,208,44,346,640,352
233,1,393,264,475,350,640,352
233,2,221,233,314,323,640,352
233,4,0,208,44,346,640,352
234,1,393,263,475,350,640,352
234,2,220,233,313,325,640,352
235,1,393,263,476,350,640,352
235,2,223,234,310,322,640,352
236,1,392,263,476,351,640,352
236,2,222,232,312,326,640,352
237,1,393,262,476,351,640,352
237,2,223,232,311,326,640,352
238,1,393,262,476,351,640,352
238,2,223,232,309,324,640,352
239,1,393,262,476,351,640,352
239,2,225,232,307,323,640,352
240,1,393,262,476,351,640,352
240,2,225,232,306,323,640,352
241,1,394,262,477,351,640,352
241,2,225,231,306,323,640,352
242,1,394,262,477,351,640,352
242,2,225,231,306,324,640,352
243,1,395,262,477,351,640,352
243,2,223,230,308,328,640,352
244,1,394,262,476,352,640,352
244,2,222,230,308,332,640,352
245,1,395,262,477,352,640,352
245,2,222,230,305,331,640,352
246,1,395,262,477,352,640,352
246,2,223,231,304,330,640,352
247,1,395,262,477,352,640,352
247,2,223,231,303,330,640,352
248,1,395,262,476,352,640,352
248,2,224,231,301,329,640,352
249,1,395,262,476,351,640,352
249,2,225,232,300,327,640,352
250,1,395,262,476,351,640,352
250,2,225,233,298,325,640,352
251,1,395,262,476,351,640,352
251,2,224,232,299,328,640,352
252,1,394,262,475,351,640,352
252,2,224,232,298,328,640,352
253,1,396,262,476,351,640,352
253,2,225,233,296,324,640,352
253,4,-1,207,43,348,640,352
254,1,396,263,476,351,640,352
254,2,227,234,294,320,640,352
254,4,0,207,42,349,640,352
255,1,396,263,476,351,640,352
255,2,227,234,293,319,640,352
255,4,0,207,42,349,640,352
256,1,396,263,476,351,640,352
256,2,227,235,293,318,640,352
257,1,396,263,476,351,640,352
257,2,226,235,293,319,640,352
258,1,396,263,475,351,640,352
258,2,226,235,293,319,640,352
259,1,396,263,475,351,640,352
259,2,225,233,295,321,640,352
260,1,396,263,476,351,640,352
260,2,226,233,293,318,640,352
260,4,0,207,43,349,640,352
261,1,396,263,475,350,640,352
261,2,225,233,293,320,640,352
261,4,0,210,42,346,640,352
262,1,396,262,476,350,640,352
262,2,224,233,294,321,640,352
262,4,0,210,43,347,640,352
263,1,397,262,476,350,640,352
263,2,225,234,294,321,640,352
263,4,0,209,42,347,640,352
264,1,397,262,476,350,640,352
264,2,224,232,297,325,640,352
264,4,0,209,42,347,640,352
265,1,397,262,476,350,640,352
265,2,222,230,299,329,640,352
266,1,397,263,476,351,640,352
266,2,221,230,299,331,640,352
267,1,397,263,476,351,640,352
267,2,221,229,300,334,640,352
268,1,396,263,474,351,640,352
268,2,223,230,299,333,640,352
269,1,396,263,475,351,640,352
269,2,223,229,300,333,640,352
270,1,396,264,474,350,640,352
270,2,224,230,299,332,640,352
271,1,396,264,474,350,640,352
271,2,225,230,298,331,640,352
272,1,395,264,474,350,640,352
272,2,225,230,298,331,640,352
273,1,396,264,475,351,640,352
273,2,227,231,297,329,640,352
274,1,396,264,475,351,640,352
274,2,228,231,297,328,640,352
275,1,396,264,475,351,640,352
275,2,227,231,296,328,640,352
276,1,396,263,476,351,640,352
276,2,227,231,297,329,640,352
276,4,0,212,41,347,640,352
277,1,395,263,475,351,640,352
277,2,228,230,297,328,640,352
277,4,0,213,41,346,640,352
278,1,395,263,474,351,640,352
278,2,228,230,297,327,640,352
279,1,395,262,475,351,640,352
279,2,227,229,297,329,640,352
280,1,395,262,475,350,640,352
280,2,228,229,297,327,640,352
281,1,396,262,475,350,640,352
281,2,228,229,297,328,640,352
282,1,395,262,474,350,640,352
282,2,228,229,298,329,640,352
283,1,395,262,474,350,640,352
283,2,227,229,298,331,640,352
284,1,394,262,474,350,640,352
284,2,226,229,299,332,640,352
284,5,12,211,43,260,640,352
285,1,394,262,474,350,640,352
285,2,226,230,298,332,640,352
285,5,10,210,42,260,640,352
286,1,394,262,474,350,640,352
286,2,227,230,298,330,640,352
286,5,10,212,41,260,640,352
287,1,395,262,474,350,640,352
287,2,227,230,297,330,640,352
287,5,10,212,40,260,640,352
288,1,394,262,475,351,640,352
288,2,226,230,297,330,640,352
288,5,9,212,39,260,640,352
289,1,394,262,474,351,640,352
289,2,227,230,296,327,640,352
290,1,395,262,475,351,640,352
290,2,227,231,295,326,640,352
291,1,394,262,475,351,640,352
291,2,227,231,296,326,640,352
292,1,395,262,475,352,640,352
292,2,227,231,296,325,640,352
293,1,395,262,475,352,640,352
293,2,228,232,295,324,640,352
294,1,395,262,475,352,640,352
294,2,227,232,297,326,640,352
295,1,395,262,475,352,640,352
295,2,227,231,297,325,640,352
296,1,396,262,475,352,640,352
296,2,227,231,297,325,640,352
297,1,396,262,475,352,640,352
297,2,228,231,297,323,640,352
298,1,395,262,474,351,640,352
298,2,230,232,296,320,640,352
299,1,395,262,474,351,640,352
299,2,231,232,294,315,640,352
300,1,395,262,474,351,640,352
300,2,230,233,296,318,640,352
301,1,395,262,474,350,640,352
301,2,230,233,298,321,640,352
302,1,394,262,474,350,640,352
302,2,229,233,299,323,640,352
303,1,395,261,474,350,640,352
303,2,230,233,298,320,640,352
304,1,396,261,475,351,640,352
304,2,230,233,298,322,640,352
305,1,396,261,475,351,640,352
305,2,231,233,297,318,640,352
306,1,395,261,475,351,640,352
306,2,232,233,297,316,640,352
307,1,395,261,475,352,640,352
307,2,231,232,298,317,640,352
308,1,396,261,475,351,640,352
308,2,230,232,299,320,640,352
309,1,396,261,474,351,640,352
309,2,229,232,299,322,640,352
310,1,396,261,474,351,640,352
310,2,229,231,299,323,640,352
311,1,396,261,474,350,640,352
311,2,229,231,300,323,640,352
312,1,396,261,474,350,640,352
312,2,228,231,300,325,640,352
313,1,396,261,474,350,640,352
313,2,228,231,301,327,640,352
314,1,395,262,474,351,640,352
314,2,227,230,301,327,640,352
315,1,395,262,473,351,640,352
315,2,228,230,301,328,640,352
316,1,395,262,474,351,640,352
316,2,228,230,300,326,640,352
317,1,396,263,475,352,640,352
317,2,228,230,300,327,640,352
318,1,396,263,475,352,640,352
318,2,229,231,298,324,640,352
319,1,396,263,474,352,640,352
319,2,230,232,297,324,640,352
320,1,396,263,474,352,640,352
320,2,229,232,297,324,640,352
321,1,395,262,474,351,640,352
321,2,229,232,296,322,640,352
322,1,394,262,473,351,640,352
322,2,230,232,296,322,640,352
323,1,393,262,472,351,640,352
323,2,230,232,296,322,640,352
324,1,393,261,472,351,640,352
324,2,230,233,295,321,640,352
325,1,394,261,473,351,640,352
325,2,228,232,296,325,640,352
326,1,393,261,473,351,640,352
326,2,228,232,296,325,640,352
327,1,394,261,474,351,640,352
327,2,227,232,296,325,640,352
328,1,394,261,474,351,640,352
328,2,227,232,295,326,640,352
329,1,394,261,473,351,640,352
329,2,227,231,295,326,640,352
330,1,394,262,473,351,640,352
330,2,228,232,295,325,640,352
331,1,393,262,473,351,640,352
331,2,228,232,294,324,640,352
332,1,394,262,473,351,640,352
332,2,228,232,295,326,640,352
333,1,394,262,473,351,640,352
333,2,224,234,299,340,640,352
334,1,394,262,474,351,640,352
334,2,222,234,300,345,640,352
335,1,394,262,474,351,640,352
335,2,226,233,296,334,640,352
336,1,394,262,473,351,640,352
336,2,227,233,295,330,640,352
337,1,393,262,473,351,640,352
337,2,227,233,295,330,640,352
338,1,393,262,472,351,640,352
338,2,228,233,294,327,640,352
339,1,393,262,472,351,640,352
339,2,228,232,295,327,640,352
340,1,393,261,472,351,640,352
340,2,228,232,295,327,640,352
341,1,394,261,472,351,640,352
341,2,228,232,295,329,640,352
342,1,394,261,472,351,640,352
342,2,227,231,295,330,640,352
343,1,394,261,472,351,640,352
343,2,226,231,295,331,640,352
344,1,394,261,471,350,640,352
344,2,226,230,295,330,640,352
345,1,394,261,472,351,640,352
345,2,226,230,295,330,640,352
346,1,394,261,472,351,640,352
346,2,226,230,295,332,640,352
347,1,395,261,472,351,640,352
347,2,227,230,294,329,640,352
348,1,395,261,472,351,640,352
348,2,228,231,293,328,640,352
349,1,395,260,472,351,640,352
349,2,227,231,295,331,640,352
350,1,395,260,472,350,640,352
350,2,224,232,298,343,640,352
351,1,395,260,471,350,640,352
351,2,224,232,299,347,640,352
352,1,394,260,471,350,640,352
352,2,227,231,296,336,640,352
353,1,395,260,471,350,640,352
353,2,228,231,294,331,640,352
354,1,394,260,471,351,640,352
354,2,228,231,293,330,640,352
355,1,394,260,470,351,640,352
355,2,225,232,297,342,640,352
356,1,394,260,471,351,640,352
356,2,224,232,298,347,640,352
357,1,394,260,471,352,640,352
357,2,227,231,295,337,640,352
358,1,394,260,471,352,640,352
358,2,229,231,294,333,640,352
359,1,394,260,470,351,640,352
359,2,228,231,294,333,640,352
360,1,394,260,470,351,640,352
360,2,228,231,293,332,640,352
361,1,394,261,470,351,640,352
361,2,225,232,296,343,640,352
362,1,393,261,469,351,640,352
362,2,227,232,294,335,640,352
363,1,393,261,469,352,640,352
363,2,228,232,292,331,640,352
364,1,393,261,468,351,640,352
364,2,229,232,292,329,640,352
365,1,392,261,467,351,640,352
365,2,228,232,293,330,640,352
366,1,392,261,468,351,640,352
366,2,228,232,292,328,640,352
367,1,394,261,469,351,640,352
367,2,227,232,291,328,640,352
368,1,394,262,469,351,640,352
368,2,226,232,292,331,640,352
369,1,394,262,468,351,640,352
369,2,223,232,294,342,640,352
370,1,394,262,468,351,640,352
370,2,221,232,295,346,640,352
371,1,394,262,468,351,640,352
371,2,221,232,295,347,640,352
372,1,394,262,468,350,640,352
372,2,222,232,295,348,640,352
373,1,393,261,468,351,640,352
373,2,222,232,294,348,640,352
374,1,394,261,468,351,640,352
374,2,222,232,294,348,640,352
375,1,394,261,468,351,640,352
375,2,222,232,293,348,640,352
376,1,395,260,469,352,640,352
376,2,222,232,293,348,640,352
377,1,395,260,469,352,640,352
377,2,222,232,292,349,640,352
378,1,395,260,468,352,640,352
378,2,224,231,290,339,640,352
379,1,395,260,466,351,640,352
379,2,222,230,286,335,640,352
380,1,393,261,464,351,640,352
380,2,222,230,285,334,640,352
381,1,393,261,465,351,640,352
381,2,222,230,284,331,640,352
382,1,394,261,465,350,640,352
382,2,221,230,283,331,640,352
383,1,394,261,465,350,640,352
383,2,221,230,283,332,640,352
384,1,395,260,465,350,640,352
384,2,221,230,283,331,640,352
385,1,394,260,464,350,640,352
385,2,218,231,286,342,640,352
386,1,394,260,464,351,640,352
386,2,219,231,285,337,640,352
387,1,394,260,464,351,640,352
387,2,219,231,284,335,640,352
388,1,395,260,464,351,640,352
388,2,219,231,284,335,640,352
389,1,395,260,464,351,640,352
389,2,220,230,284,334,640,352
390,1,395,260,465,351,640,352
390,2,220,230,284,333,640,352
391,1,396,260,464,351,640,352
391,2,220,230,285,333,640,352
392,1,396,260,464,351,640,352
392,2,220,230,284,333,640,352
393,1,396,261,464,351,640,352
393,2,220,230,284,332,640,352
394,1,396,261,463,350,640,352
394,2,220,230,284,332,640,352
395,1,396,262,463,350,640,352
395,2,221,231,284,331,640,352
396,1,395,262,463,350,640,352
396,2,221,231,284,331,640,352
397,1,395,262,463,350,640,352
397,2,220,231,285,333,640,352
398,1,395,261,464,350,640,352
398,2,219,230,286,335,640,352
399,1,395,261,463,350,640,352
399,2,219,230,286,335,640,352
400,1,395,261,463,350,640,352
400,2,218,230,286,336,640,352
401,1,395,261,463,350,640,352
401,2,219,229,286,336,640,352
402,1,395,261,462,350,640,352
402,2,218,229,285,337,640,352
403,1,395,261,463,350,640,352
403,2,218,229,285,337,640,352
404,1,395,261,463,350,640,352
404,2,218,229,285,337,640,352
405,1,396,261,464,350,640,352
405,2,218,229,285,338,640,352
406,1,396,261,463,350,640,352
406,2,219,229,285,338,640,352
407,1,396,261,463,350,640,352
407,2,219,229,285,336,640,352
408,1,396,262,463,350,640,352
408,2,219,229,284,336,640,352
409,1,397,262,463,350,640,352
409,2,219,229,285,336,640,352
410,1,396,263,462,350,640,352
410,2,220,228,284,336,640,352
411,1,397,263,462,350,640,352
411,2,220,229,284,336,640,352
412,1,396,263,462,350,640,352
412,2,220,229,284,336,640,352
413,1,397,264,462,350,640,352
413,2,220,229,284,336,640,352
414,1,397,264,463,350,640,352
414,2,220,229,284,336,640,352
415,1,397,264,462,350,640,352
415,2,221,230,284,335,640,352
416,1,396,264,462,351,640,352
416,2,221,230,284,334,640,352
417,1,396,265,462,351,640,352
417,2,221,230,284,334,640,352
418,1,396,264,462,351,640,352
418,2,221,230,284,334,640,352
419,1,396,264,462,351,640,352
419,2,221,230,284,334,640,352
420,1,397,264,463,350,640,352
420,2,221,230,284,333,640,352
421,1,396,266,462,350,640,352
421,2,221,230,284,333,640,352
422,1,396,266,463,350,640,352
422,2,222,231,283,332,640,352
423,1,395,267,462,350,640,352
423,2,222,230,284,332,640,352
424,1,393,267,461,350,640,352
424,2,221,229,285,333,640,352
425,1,391,267,461,349,640,352
425,2,221,229,285,334,640,352
426,1,390,267,461,349,640,352
426,2,221,229,284,333,640,352
427,1,390,267,462,349,640,352
427,2,222,229,284,331,640,352
428,1,390,267,463,350,640,352
428,2,222,230,284,331,640,352
429,1,389,267,462,350,640,352
429,2,222,230,284,331,640,352
430,1,388,267,463,350,640,352
430,2,221,230,284,331,640,352
431,1,387,267,463,350,640,352
431,2,221,230,284,333,640,352
432,1,386,267,463,350,640,352
432,2,221,230,284,331,640,352
433,1,387,267,463,350,640,352
433,2,221,230,284,331,640,352
434,1,388,267,464,349,640,352
434,2,221,230,284,330,640,352
435,1,387,267,464,349,640,352
435,2,220,230,285,333,640,352
436,1,386,267,465,349,640,352
436,2,221,230,285,333,640,352
437,1,385,267,465,349,640,352
437,2,220,230,286,334,640,352
438,1,385,267,465,349,640,352
438,2,219,227,286,336,640,352
439,1,386,267,466,349,640,352
439,2,219,226,286,334,640,352
440,1,385,267,466,349,640,352
440,2,218,225,286,336,640,352
441,1,385,266,466,349,640,352
441,2,217,224,286,336,640,352
442,1,384,266,466,349,640,352
442,2,219,225,285,333,640,352
443,1,384,266,466,350,640,352
443,2,219,225,286,335,640,352
444,1,384,265,466,350,640,352
444,2,219,227,286,336,640,352
445,1,384,265,466,350,640,352
445,2,220,228,286,336,640,352
446,1,384,264,466,350,640,352
446,2,219,228,285,336,640,352
